5 0.2109375 0.5984375 0.3296875 0.5984375 0.3296875 0.7234375 0.2109375 0.7234375
5 0.4109375 0.7453125 0.509375 0.7453125 0.509375 0.9171875 0.4109375 0.9171875
5 0.5375 0.746875 0.6296875 0.746875 0.6296875 0.928125 0.5375 0.928125
5 0.6515625 0.7515625 0.740625 0.7515625 0.740625 0.91875 0.6515625 0.91875
5 0.759375 0.7296875 0.8609375 0.7296875 0.8609375 0.9 0.759375 0.9
5 0.6296875 0.6046875 0.6984375 0.6046875 0.6984375 0.7359375 0.6296875 0.7359375
5 0.534375 0.6125 0.5953125 0.6125 0.5953125 0.7359375 0.534375 0.7359375
5 0.43125 0.60625 0.515625 0.60625 0.515625 0.7390625 0.43125 0.7390625
5 0.3265625 0.5984375 0.4375 0.5984375 0.4375 0.740625 0.3265625 0.740625
5 0.196875 0.7375 0.265625 0.7375 0.265625 0.9203125 0.196875 0.9203125
5 0.2953125 0.7375 0.4046875 0.7375 0.4046875 0.9015625 0.2953125 0.9015625
5 0.7171875 0.615625 0.80625 0.615625 0.80625 0.728125 0.7171875 0.728125